1696307811597 0.5184500217437744 0
1696307870415 0.5314499735832214 1
1696307952854 0.5467000007629395 2
1696308012108 0.5882999897003174 3
1696308070757 0.6262000203132629 4
1696308130573 0.6691499948501587 5
1696308211429 0.6988499760627747 6
1696308294488 0.7164000272750854 7
1696308378166 0.7311000227928162 8
1696308457878 0.7505999803543091 9
1696308517834 0.7524999976158142 10
1696308578493 0.7647500038146973 11
1696308639213 0.7717499732971191 12
1696308720816 0.7767500281333923 13
1696308801956 0.7786499857902527 14
1696308870335 0.7936999797821045 15
1696308944194 0.7857499718666077 16
1696309004945 0.8015999794006348 17
1696309086000 0.8080999851226807 18
1696309145377 0.8065999746322632 19
