1696307811597 0.6920775771141052 0
1696307870415 0.69037926197052 1
1696307952854 0.6864200830459595 2
1696308012108 0.6697748303413391 3
1696308070757 0.6490300893783569 4
1696308130573 0.6200582981109619 5
1696308211429 0.5910579562187195 6
1696308294488 0.5716810822486877 7
1696308378166 0.5530239343643188 8
1696308457878 0.5268391370773315 9
1696308517834 0.5242827534675598 10
1696308578493 0.5039082765579224 11
1696308639213 0.49247807264328003 12
1696308720816 0.4854217767715454 13
1696308801956 0.4759286046028137 14
1696308870335 0.4571026861667633 15
1696308944194 0.4674740731716156 16
1696309004945 0.44578778743743896 17
1696309086000 0.43240585923194885 18
1696309145377 0.4317532777786255 19
