1696316687851 0.5156999826431274 0
1696316745037 0.5414000153541565 1
1696316825718 0.5460500121116638 2
1696316881021 0.5511000156402588 3
1696316963927 0.5478500127792358 4
1696317018607 0.5478000044822693 5
1696317103336 0.5476999878883362 6
1696317160551 0.5539500117301941 7
1696317217037 0.5589500069618225 8
1696317274245 0.5629500150680542 9
1696317332375 0.5792499780654907 10
1696317391564 0.5942500233650208 11
1696317448474 0.6155499815940857 12
1696317505016 0.6276000142097473 13
1696317562183 0.6396999955177307 14
1696317619830 0.6500499844551086 15
1696317677482 0.6654499769210815 16
1696317733891 0.6703000068664551 17
1696317791712 0.6700999736785889 18
1696317847257 0.6772000193595886 19
1696317903985 0.6883500218391418 20
1696317960865 0.692550003528595 21
1696318019575 0.6956999897956848 22
1696318079199 0.7023000121116638 23
1696318156188 0.7064499855041504 24
1696318213291 0.7017499804496765 25
1696318270647 0.7043499946594238 26
1696318352432 0.7107499837875366 27
1696318409738 0.7036499977111816 28
1696318466779 0.7085999846458435 29
