1696316687851 1.2642630338668823 0
1696316745037 0.8895595669746399 1
1696316825718 0.7853235602378845 2
1696316881021 0.7434653043746948 3
1696316963927 0.7237105369567871 4
1696317018607 0.7120997309684753 5
1696317103336 0.7036788463592529 6
1696317160551 0.6988497972488403 7
1696317217037 0.6941061615943909 8
1696317274245 0.691303551197052 9
1696317332375 0.6876439452171326 10
1696317391564 0.6773152351379395 11
1696317448474 0.666802167892456 12
1696317505016 0.6564164161682129 13
1696317562183 0.6472151279449463 14
1696317619830 0.6447553038597107 15
1696317677482 0.6347033381462097 16
1696317733891 0.631677508354187 17
1696317791712 0.6320085525512695 18
1696317847257 0.6281646490097046 19
1696317903985 0.6219424605369568 20
1696317960865 0.6159305572509766 21
1696318019575 0.612835705280304 22
1696318079199 0.6087132096290588 23
1696318156188 0.6107677221298218 24
1696318213291 0.6079763174057007 25
1696318270647 0.6043070554733276 26
1696318352432 0.6022965312004089 27
1696318409738 0.6013422608375549 28
1696318466779 0.5988582968711853 29
