1696318661678 0.5073500275611877 0
1696318737107 0.513700008392334 1
1696318790132 0.524399995803833 2
1696318844919 0.5429499745368958 3
1696318899977 0.5581499934196472 4
1696318979649 0.578249990940094 5
1696319035482 0.6124500036239624 6
1696319090018 0.623449981212616 7
1696319171045 0.6281499862670898 8
1696319252357 0.6317499876022339 9
1696319306804 0.633400022983551 10
1696319360743 0.638450026512146 11
1696319413444 0.6434999704360962 12
1696319496421 0.6433500051498413 13
1696319552138 0.6467999815940857 14
1696319606928 0.6499500274658203 15
1696319661638 0.660099983215332 16
1696319721258 0.6660000085830688 17
1696319779323 0.6807500123977661 18
1696319835391 0.6829000115394592 19
1696319889628 0.6851000189781189 20
