1696318661678 1.2543079853057861 0
1696318737107 1.0295121669769287 1
1696318790132 0.8953055739402771 2
1696318844919 0.8169963955879211 3
1696318899977 0.7710992097854614 4
1696318979649 0.7369738221168518 5
1696319035482 0.706046462059021 6
1696319090018 0.687324047088623 7
1696319171045 0.6733412742614746 8
1696319252357 0.6655778288841248 9
1696319306804 0.6584208607673645 10
1696319360743 0.6528027057647705 11
1696319413444 0.6491888761520386 12
1696319496421 0.6474205851554871 13
1696319552138 0.6434316635131836 14
1696319606928 0.6405779123306274 15
1696319661638 0.6353250741958618 16
1696319721258 0.6342043876647949 17
1696319779323 0.6252255439758301 18
1696319835391 0.6270810961723328 19
1696319889628 0.6197198033332825 20
