1696304384463 0.4954499900341034 0
1696304444700 0.49630001187324524 1
1696304504900 0.49744999408721924 2
1696304564940 0.4989500045776367 3
1696304625353 0.49004998803138733 4
1696304685033 0.5024499893188477 5
1696304767343 0.5067999958992004 6
1696304827714 0.49755001068115234 7
1696304909686 0.49709999561309814 8
1696304969225 0.4959000051021576 9
1696305051411 0.5004500150680542 10
1696305110276 0.4981499910354614 11
1696305192140 0.5011000037193298 12
1696305199157 0.49744999408721924 13
