1696305416608 0.49845001101493835 0
1696305477403 0.49869999289512634 1
1696305536736 0.5013499855995178 2
1696305595652 0.49799999594688416 3
1696305677178 0.4987500011920929 4
1696305736622 0.4966999888420105 5
1696305818861 0.5011000037193298 6
1696305902609 0.49939998984336853 7
1696305984125 0.4986500144004822 8
1696306044899 0.49265000224113464 9
1696306126791 0.4986500144004822 10
1696306208830 0.4920499920845032 11
1696306268673 0.503250002861023 12
1696306329229 0.4965499937534332 13
1696306389895 0.5053499937057495 14
1696306449994 0.5004000067710876 15
1696306532605 0.4968000054359436 16
1696306615533 0.4973500072956085 17
1696306696692 0.5023499727249146 18
1696306778196 0.4975999891757965 19
1696306858129 0.4962500035762787 20
1696306917021 0.5016499757766724 21
1696306975740 0.501800000667572 22
1696307036067 0.49470001459121704 23
1696307095595 0.5035499930381775 24
1696307155581 0.49665001034736633 25
1696307215304 0.5042999982833862 26
1696307296537 0.49584999680519104 27
1696307355422 0.49779999256134033 28
1696307362270 0.5023499727249146 29
