1696305416608 0.6952958703041077 0
1696305477403 0.693998396396637 1
1696305536736 0.6937444806098938 2
1696305595652 0.6936912536621094 3
1696305677178 0.6936383843421936 4
1696305736622 0.6937311291694641 5
1696305818861 0.6936798095703125 6
1696305902609 0.6937231421470642 7
1696305984125 0.6936233639717102 8
1696306044899 0.6935045123100281 9
1696306126791 0.6935827136039734 10
1696306208830 0.6936540007591248 11
1696306268673 0.6934653520584106 12
1696306329229 0.6936265230178833 13
1696306389895 0.6930683255195618 14
1696306449994 0.6935742497444153 15
1696306532605 0.6937363147735596 16
1696306615533 0.693400502204895 17
1696306696692 0.6933426260948181 18
1696306778196 0.6934713125228882 19
1696306858129 0.6937575936317444 20
1696306917021 0.6935815215110779 21
1696306975740 0.6934552788734436 22
1696307036067 0.6935573816299438 23
1696307095595 0.693514883518219 24
1696307155581 0.6935840845108032 25
1696307215304 0.6933099627494812 26
1696307296537 0.6935257315635681 27
1696307355422 0.6934019923210144 28
1696307362270 0.6933426260948181 29
