1696309815537 0.6002500057220459 0
1696309874713 0.7013999819755554 1
1696309956357 0.7350500226020813 2
1696310038347 0.753849983215332 3
1696310099409 0.7727000117301941 4
1696310167626 0.7942000031471252 5
1696310226082 0.8045499920845032 6
1696310284641 0.8176000118255615 7
1696310367284 0.825950026512146 8
1696310426150 0.8359000086784363 9
1696310485230 0.8464499711990356 10
1696310543704 0.8507000207901001 11
1696310625387 0.8616999983787537 12
1696310684803 0.8705000281333923 13
1696310750505 0.8659999966621399 14
1696310816185 0.8778499960899353 15
1696310901189 0.8842999935150146 16
1696310960466 0.8924499750137329 17
1696311043346 0.8995500206947327 18
1696311124923 0.904699981212616 19
