1696309815537 0.6534169912338257 0
1696309874713 0.575339138507843 1
1696309956357 0.5273581743240356 2
1696310038347 0.5018662214279175 3
1696310099409 0.4743320941925049 4
1696310167626 0.4415091276168823 5
1696310226082 0.4214310646057129 6
1696310284641 0.4021405875682831 7
1696310367284 0.38388291001319885 8
1696310426150 0.3675125539302826 9
1696310485230 0.3549034297466278 10
1696310543704 0.3419747054576874 11
1696310625387 0.320610910654068 12
1696310684803 0.30620288848876953 13
1696310750505 0.30799517035484314 14
1696310816185 0.2880687117576599 15
1696310901189 0.2686455249786377 16
1696310960466 0.253907710313797 17
1696311043346 0.2405114322900772 18
1696311124923 0.23104678094387054 19
